1; Version of this file save/restore protocol
5 ; Number of layers
3, 6, 1, 6, 3 ; Layer sizes of network.
0, 1, 0, 1, 0 ; Transfer functions of network.
-1.63076000000000 ; 1 1 1
-9.96423000000000 ; 1 2 1
4.83866000000000 ; 1 3 1
-0.66093600000000 ; 1 4 1
0.59101000000000 ; 1 5 1
-1.56976000000000e1 ; 1 6 1
-2.04858000000000 ; 2 1 1
-2.56086000000000 ; 2 2 1
-2.57786000000000 ; 2 3 1
0.73309000000000 ; 2 4 1
-0.62566300000000 ; 2 5 1
3.37419000000000 ; 2 6 1
-6.52241000000000 ; 3 1 1
-1.09097000000000e1 ; 3 2 1
0.27055700000000 ; 3 3 1
-0.59774500000000 ; 3 4 1
0.02886610000000 ; 3 5 1
-1.61105000000000e1 ; 3 6 1
-1.33568000000000 ; 4 1 1
7.97668000000000 ; 4 2 1
-9.61381000000000 ; 4 3 1
1.48607000000000 ; 4 4 1
2.34481000000000 ; 4 5 1
1.80319000000000e1 ; 4 6 1
2.04466000000000 ; 1 1 2
-1.82479000000000 ; 2 1 2
0.99522600000000 ; 3 1 2
0.60682600000000 ; 4 1 2
3.50752000000000 ; 5 1 2
-0.19338300000000 ; 6 1 2
-1.32003000000000 ; 7 1 2
4.30070000000000 ; 1 1 3
1.88426000000000 ; 1 2 3
-2.73873000000000 ; 1 3 3
-0.00024190000000 ; 1 4 3
1.19840000000000 ; 1 5 3
-8.16334000000000 ; 1 6 3
-8.17628000000000 ; 2 1 3
-2.59489000000000 ; 2 2 3
3.46085000000000 ; 2 3 3
-0.72156400000000 ; 2 4 3
-3.06699000000000 ; 2 5 3
7.30977000000000 ; 2 6 3
-3.96248000000000 ; 1 1 4
4.84773000000000 ; 1 2 4
-5.79821000000000 ; 1 3 4
-4.38202000000000 ; 2 1 4
-0.82333900000000 ; 2 2 4
2.17094000000000 ; 2 3 4
-2.41553000000000 ; 3 1 4
0.06016950000000 ; 3 2 4
-2.24097000000000 ; 3 3 4
-7.32599000000000 ; 4 1 4
-6.09703000000000 ; 4 2 4
-3.60112000000000 ; 4 3 4
8.60402000000000 ; 5 1 4
0.89058700000000 ; 5 2 4
-0.24286000000000 ; 5 3 4
-0.43441700000000 ; 6 1 4
0.59302300000000 ; 6 2 4
1.64504000000000 ; 6 3 4
0.39447500000000 ; 7 1 4
3.39315000000000 ; 7 2 4
-4.20723000000000 ; 7 3 4
