0.677510917
0.698873878
0.698873878
0.735496104
0.723288715
0.723288655
0.723288655
0.728049576
0.757713556
0.778221965
0.778221965
0.770668626
0.748139441
0.766014636
0.766014576
0.811792374
0.765327871
0.74595958
0.744651616
0.773644269
0.801339805
0.796533167
0.783804655
0.769066453
0.769066453
0.793481231
0.793481231
0.793481231
0.793481231
0.817819774
0.82705158
0.764717519
0.695822001
0.695822001
0.55543685
0.55543685
0.439466536
0.381481379
0.381481379
0.300763011
0.299081385
0.299081385
0.216681421
0.19525744
0.204909995
0.216681421
0.210882917
0.201422185
0.20142217
0.204474017
0.204474017
0.167851791
0.191519231
0.187906817
0.180059209
0.181508839
0.19180885
0.20142217
0.177007377
0.177007362
0.171028227
0.161976993
0.161748111
0.170903653
0.166170165
0.164799958
0.164799958
0.164799958
0.163151965
0.155644402
0.155644402
0.155644402
0.179570913
0.165181443
0.164799958
0.204474017
0.189596251
0.189214766
0.183111057
0.185477793
0.192800686
0.19531846
0.184881136
0.167851821
0.167851791
0.183111042
0.183111042
0.180120245
0.180059209
0.180059209
0.192266613
0.192266613
0.224127933
0.247199938
0.247199938
0.243766591
0.238418058
0.27161473
0.27161473
0.228888825
0.241096228
0.241096228
0.279976845
0.278389841
0.258290797
0.25025177
0.261848837
0.280770302
0.282967627
0.292977691
0.292977691
0.228888825
0.213934764
0.206529349
0.204474017
0.204474017
0.222174764
0.234992519
0.221945852
0.215643793
0.228888825
0.228888825
0.228888825
0.201422185
0.201422185
0.234611049
0.247199938
0.232625797
0.228125855
0.299081385
0.299081385
0.299081385
0.253303617
0.366954535
0.36927399
0.357066572
0.390255451
0.473647296
0.524918377
0.524918377
0.524918437
0.614605427
0.735496104
0.808252215
0.82705158
0.846479297
0.854518294
0.854518294
0.936918259
1.093294978
1.138340354
1.162755251
1.162755251
1.162755251
1.285825729
1.275429606
1.242103338
1.278725505
1.2883389
1.321451426
1.315347791
1.297769189
1.217688441
1.217688441
1.21768856
1.24460578
1.197546244
1.184118152
1.184118152
1.134830713
1.081514955
1.083407044
1.046784878
1.035823226
0.979644179
1.000571132
1.060518265
1.07730341
1.057832599
1.043733001
1.043733001
1.043733001
1.09012115
1.141392231
1.13211453
1.130024195
1.17496264
1.281777382
1.281777501
1.297036648
1.323953986
1.324503303
1.330607057
1.503189206
1.507614374
1.486251354
1.486251354
1.505722165
1.519821763
1.541856289
1.579867005
1.586962461
1.586962461
1.586962461
1.553392291
1.577308774
1.577807069
1.577807069
1.573046207
1.566471696
1.562547684
1.562547803
1.559800982
1.547288418
1.553392172
1.553392172
1.498458862
1.431318045
1.431318164
1.345866323
1.31070888
1.309244037
1.251258969
1.237983465
1.173207879
1.150547862
1.150547862
1.014701366
0.961333096
0.961333036
0.934659839
0.881673515
0.833155334
0.833155334
0.78231144
0.759973168
0.736106455
0.72939235
0.714896083
0.679158926
0.646992385
0.646992385
0.646992385
0.620086312
0.574297309
0.543839812
0.537125826
0.537125766
0.525528729
0.512710989
0.512710989
0.513707459
0.518814683
0.546281397
0.546281338
0.567644298
0.591982841
0.601214647
0.601214647
0.598315418
0.607839465
0.622577608
0.622577608
0.628757596
0.650044262
0.708029449
0.708029449
0.671407163
0.698324561
0.732008219
0.741599798
0.739441156
0.736335397
0.735496104
0.747703493
0.771355391
0.787377536
0.7449494
0.650502026
0.595110953
0.546281397
0.526350915
0.42420727
0.350962847
0.350962847
0.309091479
0.308236957
0.314874738
0.317392528
0.284051031
0.251594603
0.258857995
0.256355494
0.256355494
0.256355494
0.247383043
0.247199938
0.225836977
0.247260943
0.240028083
0.234992519
0.231504694
0.228888825
0.228888825
0.241935492
0.246265694
0.228888825
0.241096243
0.241096228
0.262459189
0.241096228
0.241096228
0.232123792
0.285500675
0.286873996
0.286873996
0.273598462
0.261925131
0.259407341
0.261619925
0.236555696
0.225836977
0.194860682
0.18834281
0.192266628
0.189367354
0.186162904
0.186162904
0.152592555
0.152592555
0.192266613
0.192266613
0.192266613
0.240119651
0.241096243
0.198248222
0.186162904
0.186162904
0.144123659
0.128177747
0.154336467
0.17250587
0.170903653
0.164799958
0.164799958
0.180059209
0.20142217
0.20142217
0.158696249
0.188342795
0.1946318
0.177007362
0.1886044
0.201422185
0.20142217
0.192266613
0.195562616
0.210577711
0.177007362
0.177007377
0.189214766
0.189214766
0.179937139
0.164799958
0.164799958
0.164799958
0.200689718
0.165715516
0.19098483
0.198370308
0.198370308
0.191122159
0.183111057
0.192388684
0.204038039
0.186162904
0.213629574
0.213629574
0.210577711
0.165715516
0.164799958
0.164799973
0.189443648
0.207983658
0.198370308
0.216681421
0.216681436
0.180791646
0.180059209
0.208460107
0.216681436
0.216681421
0.222479954
0.228888825
0.256355494
0.256355494
0.256355494
0.207525879
0.207525864
0.22278513
0.213858455
0.213629559
0.299081385
0.299081415
0.262840658
0.222785115
0.32654807
0.32654804
0.32654804
0.280770302
0.280770302
0.280770302
0.280770302
0.280770302
0.280770302
0.260856956
0.286935031
0.311288834
0.332651764
0.332651764
0.446302682
0.441480756
0.435041368
0.433362842
0.539567232
0.597552419
0.610370219
0.601214647
0.601214647
0.601214647
0.891140521
0.891140521
0.912076116
0.936307907
0.936918259
1.113925695
1.089587092
1.058229327
1.049836874
1.049836755
1.064668655
1.132236719
1.054507971
1.069455862
1.074251533
1.076021671
1.042512298
1.004058957
0.968702197
0.923123896
0.915555298
0.915555298
0.915555298
0.805688679
0.82064271
0.820947886
0.820947886
0.832850099
0.847270072
0.851466417
0.874660492
0.910733342
0.927762687
0.985747933
0.985747874
0.985747874
1.138340354
1.138340354
1.220740438
1.225501299
1.311807632
1.373333097
1.402325511
1.434369922
1.434370041
1.489303231
1.490676641
1.502548337
1.535081148
1.535081148
1.635792136
1.541184783
1.541184783
1.547288418
1.613940954
1.581850648
1.562547684
1.562547684
1.50848639
1.46794045
1.430944443
1.330835938
1.205481172
1.116977453
1.100497484
1.043733001
0.994903386
0.979495287
0.92471087
0.878933132
0.878933072
0.866969824
0.866725683
0.895126522
0.903347969
0.942487895
0.992474377
1.004058957
1.028473735
1.040147066
1.080355287
1.153599739
1.15359962
1.15359962
1.269569993
1.269569993
1.269569993
1.251258969
1.25125885
1.317056894
1.35708189
1.358073711
1.358073711
1.345683217
1.31786561
1.297036767
1.294137478
1.244544744
1.168858886
1.016266346
0.979873061
0.825403631
0.692770183
0.692770183
0.564592421
0.450941533
0.448622108
0.415051728
0.401776195
0.381045401
0.36927399
0.356227309
0.348533839
0.362315744
0.372325808
0.372325808
0.350962847
0.386852622
0.435193926
0.448622078
0.448622078
0.481810957
0.494399875
0.513582945
0.551164329
0.57679981
0.610370278
0.610370278
0.610370278
0.714133143
0.727087915
0.793481231
0.796533108
0.796533108
0.814844191
0.831411421
0.836207151
0.836207151
0.846354544
0.889461935
0.92471081
0.878933072
0.889233053
0.92471087
0.92471087
0.9054842
0.817896068
0.743125737
0.741599798
0.741599798
0.726731777
0.676638961
0.662251651
0.646763563
0.646198928
0.650044322
0.656147957
0.656148016
0.631733119
0.604815841
0.604266405
0.628681302
0.628681302
0.628681302
0.592059076
0.592059076
0.592059076
0.601214647
0.601214647
0.523773909
0.494399875
0.450910985
0.373851776
0.341807336
0.309915483
0.254486978
0.219733268
0.219733268
0.216986611
0.203539759
0.183111042
0.183111042
0.201055944
0.201422185
0.168233305
0.155644402
0.17246072
0.197302163
0.183111042
0.183111042
0.182424381
0.180059209
0.207525864
0.207525879
0.207525879
0.204474032
0.204474017
0.256355494
0.217673272
0.216681421
0.244148076
0.253074735
0.248542741
0.247199938
0.242774755
0.241096228
0.241096228
0.258535385
0.2498703
0.225836977
0.225836977
0.213080242
0.192266613
0.216681421
0.216681436
0.20142217
0.192266613
0.192266613
0.207525879
0.20154424
0.201422185
0.177007377
0.177007377
0.177007377
0.183111057
0.183111057
0.191961437
0.19531846
0.204168826
0.19513534
0.186162904
0.196310312
0.207525879
0.207525879
0.183111042
0.186100632
0.20142217
0.240286559
0.241096243
0.241096228
0.231574446
0.246589556
0.253303617
0.253303617
0.224311054
0.192266613
0.210577711
0.207831055
0.195318475
0.195318475
0.195318446
0.22278513
0.222785115
0.199774176
0.183111042
0.183111042
0.183111042
0.201048478
0.201422185
0.201422185
0.201422185
0.197073281
0.191106915
0.189214766
0.234992534
0.234992519
0.234992534
0.317392498
0.323435158
0.350962847
0.36927399
0.36927399
0.55543685
0.55543685
0.555436909
0.589007258
0.70261085
0.86161387
0.909451604
0.909451604
0.917569578
0.930814624
0.891140461
0.891140521
0.891140521
0.894130051
